1	171	0	171	0	0
2	168	0	165	1	2
3	172	2	1	1	168
4	171	1	168	2	0
5	171	169	0	2	0
6	170	1	0	167	2
7	173	0	1	171	1
8	174	0	0	1	173
9	175	1	173	1	0
10	176	174	0	1	1
11	174	0	172	2	0
12	176	1	1	0	174
13	177	3	169	0	5
14	177	1	0	0	176
15	176	4	1	1	170
16	183	0	0	10	173
17	181	0	1	180	0
18	173	0	0	173	0
19	183	0	182	1	0
20	183	181	0	0	2
21	177	177	0	0	0
22	184	0	183	1	0
23	184	0	0	184	0
24	185	183	0	2	0
25	185	2	182	1	0
26	185	0	185	0	0
27	179	0	172	2	5
28	185	0	181	3	1
29	204	0	0	0	204
30	206	1	203	1	1
31	204	0	1	201	2
32	204	0	1	1	202
33	204	1	199	4	0
34	204	204	0	0	0
35	197	0	196	1	0
36	205	193	8	1	3
37	198	194	1	1	2
38	199	1	1	0	197
39	188	186	0	1	1
40	187	187	0	0	0
41	186	185	0	1	0
42	194	2	0	192	0
43	192	187	3	1	1
44	192	1	1	0	190
45	188	188	0	0	0
46	100	0	3	96	1
47	98	1	4	91	2
48	121	17	19	63	22
49	158	10	5	139	4
50	141	1	1	138	1
51	211	15	70	115	11
52	1869	38	1815	6	10
53	1903	1889	5	4	5
54	1902	1867	20	7	8
55	1946	10	1913	6	17
56	1939	3	0	3	1933
57	1929	1900	14	5	10
58	2003	1987	7	4	5
59	2003	1968	10	18	7
60	2314	20	12	2272	10
61	2338	4	12	2318	4
62	2388	2376	3	4	5
63	2389	2357	8	17	7
64	2441	4	11	2422	4
65	2428	10	2400	8	10
66	2485	9	33	8	2435
67	2497	8	2454	9	26
68	2498	6	7	6	2479
69	2509	2479	10	13	7
70	2538	9	9	3	2517
71	2522	5	6	8	2503
72	2589	2569	5	10	5
73	2595	9	8	2572	6
74	2618	2596	10	6	6
75	2623	4	6	4	2609
76	2639	2619	6	7	7
77	2636	6	2623	3	4
78	2670	2620	32	13	5
79	2684	13	7	2649	15
80	2658	5	2	2645	6
81	2714	2691	9	2	12
82	2725	9	7	2700	9
83	2708	6	2688	4	10
84	2745	2690	33	9	13
85	2736	7	3	2721	5
86	2736	2722	5	3	6
87	2733	3	13	9	2708
88	2737	11	12	2705	9
89	2745	2722	8	9	6
90	2752	6	9	3	2734
91	2749	2728	5	7	9
92	2736	5	2720	5	6
93	2765	2718	22	12	13
94	2754	6	4	2739	5
95	2748	6	6	12	2724
96	2757	2721	14	12	10
97	2764	10	15	6	2733
98	2734	2	6	10	2716
99	2755	2728	6	8	13
100	2755	15	14	2723	3
101	2755	2727	8	16	4
102	2717	2694	7	10	6
103	2721	5	6	2704	6
104	2513	2495	5	9	4
105	2462	2441	8	8	5
106	2486	2458	12	5	11
107	2452	3	5	11	2433
108	2436	10	3	2418	5
109	2424	2408	6	4	6
110	2402	6	3	2392	1
111	2193	6	8	14	2165
112	2178	8	11	9	2150
113	2168	7	5	41	2115
114	2115	6	1	2099	9
115	2119	2	2104	7	6
116	2079	5	2067	3	4
117	2075	2049	6	10	10
118	2042	7	2	2027	6
119	2011	7	6	1995	3
120	1978	1953	10	5	10
121	1995	1972	14	6	3
122	1955	7	4	1940	4
123	1972	1939	7	20	6
124	1958	0	1	30	1927
125	1876	2	6	1868	0
126	1894	0	0	1894	0
127	1678	1663	8	2	5
128	1665	1645	4	12	4
129	1634	1615	2	10	7
130	1625	5	1617	1	2
131	1598	0	1588	10	0
132	448	426	8	4	10
133	457	435	13	3	6
134	447	435	4	5	3
135	442	422	9	10	1
136	604	422	4	3	175
137	598	0	1	170	427
138	430	2	2	424	2
139	594	591	2	1	0
140	590	2	0	2	586
141	587	570	1	1	15
142	382	5	2	374	1
143	383	5	5	368	5
144	362	14	26	313	9
145	396	6	5	379	6
146	404	3	3	396	2
147	1401	1383	5	5	8
148	1417	1403	3	7	4
149	1462	4	2	4	1452
150	1461	5	1	5	1450
151	1498	4	3	1488	3
152	1487	5	6	1472	4
153	1524	1506	9	2	7
154	1529	8	4	1514	3
155	1525	3	2	1516	4
156	1555	36	10	16	1493
157	1619	10	5	4	1600
158	1632	10	35	9	1578
159	1619	3	20	7	1589
160	2684	2657	5	15	7
161	2673	9	9	11	2644
162	2706	16	2669	5	16
163	2739	2713	12	5	9
164	2756	2727	12	8	9
165	2737	2672	16	34	15
166	3292	6	11	3256	19
167	3300	16	7	9	3268
168	3297	3251	18	10	18
169	3346	3317	13	12	4
170	3438	5	10	3417	6
171	3480	3415	10	40	15
172	3525	52	3460	7	6
173	3507	3446	5	43	13
174	3497	25	17	3442	13
175	3547	6	12	8	3521
176	3560	3532	9	11	8
177	3563	0	13	0	3550
178	3590	11	9	3560	10
179	3617	3590	8	10	9
180	3634	12	11	7	3604
181	3679	45	3615	9	10
182	3669	3598	16	47	8
183	3652	22	12	3610	8
184	3695	3665	11	12	7
185	3712	6	14	9	3683
186	3734	3687	12	10	25
187	3763	10	3717	11	25
188	3757	5	25	3	3724
189	3752	12	3706	16	18
190	3787	3753	6	19	9
191	3793	9	12	16	3756
192	3816	3778	9	16	13
193	3837	7	14	3808	8
194	3822	3797	10	9	6
195	3785	3726	13	25	21
196	3870	3800	28	5	37
197	4418	5	24	8	4381
198	4446	22	4366	28	30
199	4409	11	3	4	4391
200	4428	10	10	4389	19
201	4480	13	19	23	4425
202	4481	8	8	4460	5
203	4418	12	9	4391	6
204	4569	4503	19	16	31
205	4574	10	4540	7	17
206	4561	4536	11	12	2
207	4599	1	20	13	4565
208	4496	4444	17	22	13
209	4504	4455	18	13	18
210	4439	4364	14	46	15
211	5102	18	35	5028	21
212	5099	15	5053	15	16
213	5135	31	47	12	5045
214	5117	5078	14	10	15
215	5135	11	13	16	5095
216	5134	5080	20	11	23
217	5114	15	13	5073	13
218	5069	14	13	5030	12
219	5179	20	22	12	5125
220	5177	5133	17	12	15
221	5144	16	5108	10	10
222	5217	5102	68	29	18
223	5194	16	14	5152	12
224	5184	9	16	14	5145
225	5195	5117	18	31	29
226	5148	22	21	14	5091
227	5097	9	19	14	5055
228	5188	5144	15	18	11
229	5187	29	8	5132	18
230	5195	18	15	14	5148
231	5193	5135	17	17	24
232	5147	13	12	5108	14
233	5089	13	14	5047	15
234	5194	5142	19	12	21
235	5183	16	5150	8	9
236	5143	7	5114	10	12
237	5239	20	19	20	5180
238	5237	5192	10	13	22
239	5203	10	5153	18	22
240	5279	5184	49	24	22
241	5209	15	5171	15	8
242	5156	14	5111	10	21
243	5217	19	13	20	5165
244	5238	20	20	5152	46
245	5206	18	51	15	5122
246	5180	20	5111	21	28
247	5134	5092	11	19	12
248	5124	5043	60	14	7
249	5065	9	5031	11	14
250	5097	5058	12	12	15
251	5097	6	10	5	5076
252	4991	4920	30	17	24
253	5000	4954	14	17	15
254	4925	14	8	8	4895
255	4879	28	63	15	4773
256	4832	6	7	4810	9
257	4779	14	14	4743	8
258	4697	4643	12	16	26
259	4724	4676	25	9	14
260	4673	23	9	4634	7
261	4199	4062	12	107	18
262	4179	4153	10	10	6
263	4165	4114	22	19	10
264	4254	6	18	8	4222
265	4285	11	4226	12	36
266	4259	18	15	13	4213
267	4242	18	16	4203	5
268	4208	10	12	13	4173
269	4200	8	8	64	4120
270	4147	11	8	4119	9
271	4185	4156	9	14	6
272	4147	10	4112	13	12
273	4200	16	54	20	4110
274	4191	40	4122	19	10
275	4159	4102	9	39	9
276	4120	24	9	4075	12
277	4135	4108	9	14	4
278	4064	5	7	6	4046
279	4015	24	21	10	3960
280	3972	6	9	3947	10
281	3929	8	4	3914	3
282	3856	14	24	16	3802
283	3888	5	0	31	3852
284	3844	5	36	3795	8
285	3842	7	3796	12	27
286	3837	3805	8	19	5
287	3296	6	3279	8	3
288	3844	31	538	20	3255
289	3361	18	37	13	3293
290	3327	3	7	12	3305
291	2956	2918	14	8	16
292	2969	2943	13	7	6
293	2922	2890	19	10	3
294	2006	20	14	13	1959
295	2024	9	8	4	2003
296	2024	11	7	9	1997
297	2048	8	85	7	1948
298	2347	7	2333	4	3
299	2344	9	2322	10	3
300	2303	80	2192	13	18
301	2475	2398	10	6	61
302	2482	3	4	9	2466
303	2463	62	16	7	2378
304	2486	2420	5	45	16
305	2468	12	37	2416	3
306	2375	6	2322	25	22
307	2383	7	2366	2	8
308	2330	8	2306	6	10
309	2465	17	8	10	2430
310	2473	2447	10	5	11
311	2470	6	10	4	2450
312	2458	8	10	6	2434
313	2480	22	11	2442	5
314	2466	2430	9	23	4
315	2437	12	5	2408	12
316	2449	2439	5	3	2
317	2426	6	2403	8	9
318	2461	15	32	9	2405
319	2443	4	10	2421	8
320	2433	7	8	5	2413
321	2435	2394	11	14	16
322	2407	3	2396	5	3
323	2386	5	2369	9	3
324	2421	2388	11	14	8
325	2406	11	8	2378	9
326	2399	4	5	9	2381
327	1895	1848	11	11	25
328	1945	1919	6	10	10
329	1942	1910	7	13	12
330	1954	1916	8	14	16
331	2309	9	10	8	2282
332	2296	7	2	6	2281
333	2202	2166	7	7	22
334	2251	2237	7	5	2
335	2245	2222	8	10	5
336	2251	21	4	2221	5
337	2235	7	2217	6	5
338	2209	12	2182	7	8
339	2216	2191	11	8	6
340	2208	6	7	2187	8
341	2173	7	5	2156	5
342	2165	2137	11	11	6
343	2185	2166	6	5	8
344	2166	4	3	3	2156
345	2132	7	8	2111	6
346	2152	5	3	2141	3
347	2138	2117	9	8	4
348	2132	8	7	7	2110
349	2108	5	8	2092	3
350	2100	4	18	2072	6
351	1875	14	1834	17	10
352	1938	0	1931	4	3
353	1916	1	1901	11	3
354	1466	1376	62	18	10
355	1444	1428	7	4	5
356	1433	1421	4	4	4
357	1427	1408	5	10	4
358	1437	3	3	1424	7
359	1428	5	2	4	1417
360	1410	7	6	8	1389
361	1340	1328	4	3	5
362	1335	1324	3	5	3
363	1304	1287	7	8	2
364	1335	2	1323	3	7
365	1316	1300	3	4	9
366	1297	1284	3	6	4
367	1314	0	0	16	1298
368	1274	4	2	1268	0
369	1280	0	0	1280	0
370	1275	5	1261	4	5
371	1257	6	1240	3	8
372	1269	1247	5	12	5
373	1252	5	14	4	1229
374	1244	3	5	14	1222
375	1217	15	8	1190	4
376	1226	1213	3	6	4
377	1202	5	1190	4	3
378	1224	1191	20	6	7
379	1206	16	5	1183	2
380	1191	1173	3	13	2
381	1180	1164	3	11	2
382	1162	21	6	1134	1
383	180	153	4	22	1
384	141	116	11	10	4
385	136	115	10	7	4
386	134	113	9	11	1
387	137	116	7	6	8
388	148	125	3	3	17
389	516	3	3	0	510
390	521	502	0	1	18
391	525	520	3	1	1
392	527	519	5	2	1
393	530	516	0	11	3
394	600	1	3	594	2
395	597	2	590	3	2
396	602	595	3	2	2
397	606	1	3	2	600
398	601	1	1	3	596
399	609	605	0	1	3
400	605	4	2	596	3
401	605	0	2	1	602
402	609	601	2	2	4
403	611	1	3	607	0
404	602	594	1	3	4
405	598	590	3	2	3
406	606	599	3	1	3
407	611	5	0	2	604
408	607	1	3	1	602
409	606	2	0	0	604
410	632	1	1	627	3
411	633	2	1	6	624
412	631	625	2	2	2
413	630	2	625	0	3
414	637	624	7	4	2
415	640	3	2	634	1
416	637	629	1	7	0
417	633	1	4	628	0
418	640	633	1	1	5
419	639	1	2	6	630
420	632	0	0	631	1
421	643	0	1	642	0
422	617	613	1	1	2
423	599	593	1	2	3
424	624	620	1	2	1
425	624	613	2	7	2
426	683	7	0	675	1
427	686	2	0	684	0
428	685	678	4	0	3
429	686	675	3	7	1
430	689	1	0	685	3
431	690	2	0	686	2
432	686	13	6	658	9
433	703	698	2	2	1
434	706	696	2	5	3
435	694	684	1	7	2
436	714	672	4	3	35
437	764	1	2	0	761
438	760	2	5	3	750
439	734	3	8	3	720
440	420	7	408	1	4
441	745	401	330	6	8
442	451	425	9	12	5
443	445	430	3	5	7
444	439	422	3	10	4
445	439	423	5	1	10
446	482	2	0	0	480
447	477	2	3	6	466
448	466	0	1	464	1
449	462	0	2	459	1
450	451	2	4	443	2
451	458	0	455	2	1
452	451	1	449	1	0
453	451	1	1	2	447
454	448	0	1	447	0
455	404	403	0	0	1
456	390	387	2	1	0
457	399	398	1	0	0
458	398	391	2	3	2
459	445	0	1	1	443
460	442	0	439	1	2
461	439	1	434	2	2
462	437	430	2	2	3
463	442	2	1	1	438
464	437	434	2	0	1
465	438	0	435	0	3
466	436	436	0	0	0
467	429	429	0	0	0
468	432	1	2	0	429
469	434	430	4	0	0
470	431	1	427	1	2
471	432	4	0	3	425
472	426	0	423	3	0
473	416	0	411	4	1
474	424	421	1	2	0
475	419	2	1	415	1
476	416	2	2	1	411
477	416	405	4	4	3
478	399	1	2	1	395
479	397	1	1	0	395
480	388	1	4	0	383
481	398	1	8	388	1
482	391	0	389	2	0
483	390	0	388	0	2
484	390	384	5	1	0
485	386	0	2	1	383
486	360	355	2	1	2
487	358	351	4	1	2
488	350	345	2	3	0
489	357	6	0	351	0
490	159	152	3	3	1
491	158	143	1	9	5
492	141	110	10	14	7
493	176	147	10	8	11
494	192	165	13	13	1
495	249	181	12	42	14
496	1702	36	3	1662	1
497	1699	1654	40	2	3
498	1696	6	1671	9	10
499	1723	1709	4	4	6
500	1707	8	5	1689	5
501	1750	3	6	21	1720
502	1753	1741	5	3	4
503	1756	2	1744	2	8
504	1791	8	25	9	1749
505	1781	1766	7	6	2
506	1790	1770	5	7	8
507	1779	1750	6	15	8
508	2072	0	0	36	2036
509	2031	4	6	2021	0
510	2055	0	1	2054	0
511	2126	2104	13	4	5
512	2058	4	5	2046	3
513	2108	2004	9	83	12
514	2131	2106	9	9	7
515	2139	2101	12	12	14
516	2174	2113	9	23	29
517	3379	10	15	1	3353
518	3392	4	3	10	3375
519	3468	3426	8	11	23
520	3482	20	12	3441	9
521	3489	9	9	10	3461
522	3504	3455	11	19	19
523	3514	8	6	3488	12
524	3527	3503	7	13	4
525	3469	13	18	9	3429
526	3579	9	10	10	3550
527	3581	9	25	8	3539
528	4000	10	3939	9	42
529	4038	3975	40	11	12
530	4022	7	8	3992	15
531	4069	4001	11	44	13
532	4065	12	11	4035	7
533	4092	4059	5	12	16
534	4077	4027	14	23	13
535	4205	8	4139	5	53
536	4216	15	11	17	4173
537	4172	31	16	13	4112
538	4293	4261	9	9	14
539	4256	4219	16	10	11
540	4366	1	12	14	4339
541	4384	4346	9	11	18
542	4385	4308	8	54	15
543	4411	13	8	4380	10
544	4453	4419	11	13	10
545	4426	10	6	4391	19
546	4485	4383	8	80	14
547	4484	4447	15	7	15
548	4424	8	4392	14	10
549	4481	20	57	18	4386
550	4435	12	4405	9	9
551	4410	4372	18	13	7
552	4356	4310	8	24	14
553	4396	24	12	4350	10
554	4367	4324	25	10	8
555	4350	12	4314	9	15
556	4348	19	15	12	4302
557	4341	14	59	11	4257
558	4276	15	4247	7	7
559	4320	0	0	37	4283
560	3927	2	0	3925	0
561	3990	0	2	3988	0
562	3946	11	10	3914	11
563	3965	3944	7	9	5
564	3925	3882	13	19	11
565	3922	11	20	3884	7
566	3901	11	7	14	3869
567	3857	10	14	16	3817
568	3852	10	3823	8	11
569	3816	3780	13	13	10
570	3759	3724	11	17	7
571	3714	12	10	8	3684
572	3655	8	8	4	3635
573	3661	3620	12	19	10
574	3587	9	12	3563	3
575	3533	14	8	3508	3
576	3461	3432	9	9	11
577	3479	3452	7	8	12
578	3449	8	16	8	3417
579	3431	3371	20	14	26
580	3357	11	3326	9	11
581	3315	12	3289	5	9
582	3316	3274	11	18	13
583	3300	7	3282	2	9
584	3276	3255	9	12	0
585	3274	9	14	3	3248
586	2782	11	2762	6	3
587	2772	3	2758	7	4
588	2715	21	2653	24	17
589	2735	7	4	2716	8
590	2717	6	2689	14	8
591	2707	2660	15	23	9
592	2307	2	1	2304	0
593	2292	0	2	2290	0
594	2275	9	10	2170	86
595	2214	17	7	19	2171
596	2105	3	8	8	2086
597	202	143	3	8	48
598	124	114	6	3	1
599	109	93	8	8	0
600	94	65	11	12	6
601	83	68	13	2	0
602	76	63	0	12	1
603	85	15	1	69	0
604	31	30	0	1	0
605	32	19	2	10	1
606	25	21	1	2	1
607	27	23	1	0	3
608	30	25	3	0	2
609	45	32	1	4	8
610	365	1	9	1	354
611	366	6	356	1	3
612	373	363	5	4	1
613	375	3	0	371	1
614	379	3	0	0	376
615	382	379	0	3	0
616	388	383	0	1	4
617	394	0	393	0	1
618	400	390	4	4	2
619	403	2	1	395	5
620	405	2	1	0	402
621	416	413	1	0	2
622	424	0	421	1	2
623	427	2	1	2	422
624	428	0	1	424	3
625	437	1	0	435	1
626	450	447	2	1	0
627	454	2	1	2	449
628	458	0	0	456	2
629	461	2	0	2	457
630	459	1	2	453	3
631	468	1	0	464	3
632	472	3	1	467	1
633	523	4	1	3	515
634	527	2	2	521	2
635	528	528	0	0	0
636	533	0	1	0	532
637	540	4	2	532	2
638	540	2	538	0	0
639	551	539	6	4	2
640	557	3	5	0	549
641	564	557	0	3	4
642	525	4	7	2	512
643	582	7	4	6	565
644	588	12	7	10	559
645	703	3	134	11	555
646	738	115	11	17	595
647	2514	17	2392	104	1
648	2578	2428	34	14	102
649	2565	27	15	2465	58
650	2607	9	50	16	2532
651	2564	11	15	9	2529
652	2724	2	2719	3	0
653	2720	6	2692	11	11
654	2661	17	2540	19	85
655	3181	27	53	16	3085
656	3167	12	6	10	3139
657	3267	3209	16	15	27
658	3271	6	8	3252	5
659	3291	3269	6	8	8
660	3307	3	10	11	3283
661	3321	13	9	3293	6
662	3337	3311	8	9	9
663	3323	3287	9	20	7
664	3449	43	10	3385	11
665	3436	3371	47	10	8
666	3409	10	3367	14	18
667	3469	6	6	8	3449
668	3464	7	47	7	3403
669	3451	14	3421	9	7
670	3548	3497	31	12	8
671	3511	12	4	3486	9
672	3540	8	5	3519	8
673	3615	3586	9	11	9
674	3612	3537	12	55	8
675	3616	10	9	3589	8
676	3678	9	8	11	3650
677	3687	3649	14	12	12
678	3671	0	15	1	3655
679	3694	3668	8	9	9
680	3684	6	3667	5	6
681	3732	16	42	11	3663
682	3711	11	11	3682	7
683	3703	12	3675	6	10
684	3756	3687	44	12	13
685	3709	14	7	1	3687
686	3726	16	10	11	3689
687	3676	17	29	13	3617
688	4190	4119	50	17	4
689	4131	7	4094	19	11
690	4152	23	4102	8	19
691	4228	4195	10	11	12
692	4232	12	11	9	4200
693	4248	4188	19	16	25
694	4277	18	4236	14	9
695	4238	11	4206	11	10
696	4339	14	11	17	4297
697	4340	4304	9	13	14
698	4318	12	14	4278	14
699	4360	15	16	34	4295
700	4328	4290	10	17	11
701	4332	4	9	12	4307
702	3985	3929	17	17	22
703	4070	4037	10	15	8
704	4052	3994	30	13	15
705	4363	1	4326	19	17
706	4342	4308	11	10	13
707	4303	4273	12	11	7
708	4360	8	18	12	4322
709	4382	43	15	4309	15
710	4346	4292	8	36	10
711	4313	22	9	4270	12
712	4344	4309	8	15	12
713	4306	14	4269	17	6
714	4371	4299	44	16	12
715	4299	10	4267	13	9
716	4264	7	4238	10	9
717	4342	4281	10	36	15
718	3990	9	13	3958	10
719	3960	6	12	3930	12
720	3928	60	27	3809	32
721	4270	4212	7	11	40
722	4242	5	10	14	4213
723	4196	31	14	11	4140
724	4264	4214	15	22	13
725	4250	8	12	4218	12
726	4282	4218	12	39	13
727	4278	7	9	5	4257
728	4265	4233	3	15	14
729	4265	0	30	1	4234
730	4313	48	4240	13	12
731	4268	4205	9	49	5
732	4238	15	19	4188	16
733	4307	36	7	10	4254
734	4276	4214	37	13	12
735	4244	0	4226	2	16
736	4229	4202	11	14	2
737	4189	4153	12	14	10
738	4238	7	16	6	4209
739	4252	18	10	4191	33
740	4228	12	17	31	4168
741	4205	15	28	4148	14
742	4222	13	4160	14	35
743	4122	6	15	8	4093
744	4045	19	25	23	3978
745	4019	12	3991	8	8
746	3958	14	3921	12	11
747	3988	3948	5	14	21
748	3979	34	3920	14	11
749	3946	3901	16	19	10
750	3466	35	19	3404	8
751	3512	11	10	3480	11
752	3505	10	12	3477	6
753	3540	3478	22	19	21
754	3535	1	0	45	3489
755	3360	4	12	3343	1
756	3406	0	0	3405	1
757	3047	3020	15	4	8
758	3030	2998	8	13	11
759	2968	2914	15	23	16
760	2991	5	13	2962	11
761	2934	6	11	2908	9
762	2966	2924	12	9	21
763	2958	16	8	11	2923
764	2912	9	2886	9	8
765	2955	2885	42	10	18
766	2895	8	2867	10	10
767	2856	3	2836	10	7
768	2867	2829	12	13	13
769	2844	15	5	2819	5
770	2809	10	2775	16	8
771	2766	2700	41	16	9
772	2749	2726	5	5	13
773	2713	6	10	9	2688
774	2709	2682	9	7	11
775	2648	8	15	6	2619
776	2630	4	27	7	2592
777	2504	5	2487	4	8
778	2522	3	2506	8	5
779	2162	2139	12	5	6
780	2126	2105	8	8	5
781	2138	2125	4	1	8
782	2120	8	8	2101	3
783	2127	3	6	25	2093
784	2123	2096	7	15	5
785	2093	3	17	2065	8
786	2088	4	2060	14	10
787	2086	2061	5	3	17
788	2063	3	10	15	2035
789	2057	7	7	2033	10
790	2031	2000	8	22	1
791	508	20	484	2	2
792	2027	451	1546	11	19
793	499	483	9	4	3
794	493	466	11	8	8
795	490	455	10	15	10
796	497	465	12	3	17
797	853	3	4	5	841
798	867	7	836	2	22
799	866	5	23	0	838
800	867	0	1	0	866
801	882	862	1	6	13
802	891	13	2	873	3
803	883	864	3	14	2
804	880	8	2	866	4
805	890	1	884	3	2
806	880	1	876	2	1
807	766	5	7	8	746
808	791	3	3	4	781
809	798	9	1	2	786
810	802	2	6	8	786
811	1105	1095	6	4	0
812	1081	5	3	1073	0
813	1070	1017	6	41	6
814	1072	1056	3	4	9
815	1080	1064	6	4	6
816	1100	1065	13	18	4
817	1630	7	1615	2	6
818	1609	1591	7	10	1
819	1568	1539	8	8	13
820	1640	1616	7	9	8
821	1652	1624	10	14	4
822	2792	1	9	10	2772
823	2818	6	2792	10	10
824	2806	7	2784	6	9
825	2912	2881	8	14	9
826	2918	24	7	2880	7
827	2896	2859	24	5	8
828	2918	8	2887	8	15
829	2944	2914	12	8	10
830	2953	5	8	3	2937
831	2979	2944	13	9	13
832	2990	7	6	2972	5
833	3018	7	8	9	2994
834	2992	18	11	10	2953
835	3065	3028	8	9	20
836	3052	8	18	8	3018
837	3067	13	3031	6	17
838	3090	17	15	8	3050
839	3098	3072	2	9	15
840	3109	3	28	1	3077
841	3116	10	3086	8	12
842	3141	3117	7	9	8
843	3112	3090	5	9	8
844	3229	34	7	12	3176
845	3217	3161	42	6	8
846	3184	1	3170	1	12
847	3249	3213	10	7	19
848	3234	7	8	19	3200
849	3183	6	7	3160	10
850	3230	9	8	3208	5
851	3213	3191	7	8	7
852	3218	8	11	7	3192
853	3220	8	12	3194	6
854	3221	3193	10	11	7
855	3123	9	16	7	3091
856	3171	8	16	12	3135
857	3173	11	22	7	3133
858	3196	6	10	3180	0
859	3190	6	12	7	3165
860	3192	3175	4	3	10
861	3166	0	15	1	3150
862	3179	11	8	3157	3
863	3182	10	9	5	3158
864	3174	3142	10	7	15
865	3167	10	7	3142	8
866	3141	8	10	3115	8
867	3157	3120	13	13	11
868	3157	10	7	5	3135
869	3125	5	3110	4	6
870	3162	7	38	9	3108
871	3145	21	6	3111	7
872	3125	3084	26	9	6
873	3056	10	3026	3	17
874	3066	7	59	9	2991
875	3047	4	9	10	3024
876	3033	2986	9	14	24
877	3010	9	14	2977	10
878	2650	2618	5	19	8
879	2589	2559	11	16	3
880	2625	2590	12	13	10
881	2633	5	6	8	2614
882	2627	2603	9	5	10
883	2316	11	7	2293	5
884	2301	7	10	2276	8
885	2253	12	22	2207	12
886	2306	20	2277	4	5
887	2287	2257	4	21	5
888	2266	15	4	2242	5
889	2271	4	2259	5	3
890	2242	2233	8	1	0
891	2242	2	17	4	2219
892	2233	2213	8	11	1
893	2221	14	6	2195	6
894	2161	2128	4	28	1
895	2126	2111	3	4	8
896	601	23	571	6	1
897	2119	538	1548	15	18
898	617	590	14	9	4
899	603	575	7	13	8
900	606	572	5	18	11
901	617	585	8	15	9
902	1388	2	3	5	1378
903	1391	1375	3	4	9
904	1390	11	2	1373	4
905	1378	1365	2	8	3
906	1360	5	1	1347	7
907	1367	3	4	1359	1
908	1358	1345	5	4	4
909	1346	8	8	1326	4
910	1348	2	1328	4	14
911	1339	4	3	5	1327
912	1335	2	4	1329	0
913	1330	1317	4	5	4
914	1329	6	3	1315	5
915	1332	1311	3	15	3
916	1327	5	1311	8	3
917	1322	1306	6	7	3
918	1314	1297	7	7	3
919	1314	4	1303	5	2
920	1304	1300	2	2	0
921	1301	6	9	5	1281
922	1306	1	1286	5	14
923	1301	1	5	4	1291
924	1295	0	7	1285	3
925	1287	6	7	2	1272
926	1283	3	3	10	1267
927	1270	8	3	1255	4
928	1282	1270	6	4	2
929	1268	4	5	1259	0
930	1268	5	3	1258	2
931	1264	0	0	5	1259
932	1106	0	0	1104	2
933	1131	0	1	1129	1
934	1129	2	4	1116	7
935	1098	6	7	1082	3
936	1157	1138	13	3	3
937	1153	4	1134	3	12
938	1146	3	3	5	1135
939	1136	11	6	6	1113
940	1139	1127	8	3	1
941	1127	1	1120	3	3
942	1131	5	1112	8	6
943	1126	1115	2	2	7
944	1116	2	1108	4	2
945	1129	1110	8	6	5
946	1121	2	1112	2	5
947	1108	3	1096	4	5
948	1111	1093	3	11	4
949	1108	18	1	1088	1
950	1098	1083	13	2	0
951	1091	5	1075	1	10
952	166	144	22	0	0
953	145	129	5	5	6
954	125	102	6	11	6
955	143	126	9	2	6
956	152	131	11	7	3
957	184	149	13	9	13
958	1620	2	1617	0	1
959	1629	1625	2	2	0
960	1656	1	15	1	1639
961	1674	29	1639	3	3
962	1662	1625	2	30	5
963	1653	9	9	1629	6
964	1685	1664	4	9	8
965	1689	1680	4	2	3
966	1681	1642	4	26	9
967	1927	7	12	1903	5
968	1938	1914	8	6	10
969	1925	1911	3	6	5
970	1995	3	1985	4	3
971	1990	1	1980	6	3
972	2053	6	3	12	2032
973	2061	2	2049	7	3
974	2054	5	2042	5	2
975	2134	2105	6	9	14
976	2150	11	6	4	2129
977	2150	8	30	5	2107
978	2136	5	2122	3	6
979	2202	6	2168	8	20
980	2257	6	5	4	2242
981	2224	21	11	13	2179
982	2601	0	0	320	2281
983	2552	6	6	2540	0
984	2332	0	1	2331	0
985	2679	2637	8	18	16
986	2671	16	9	8	2638
987	2607	6	8	2563	30
988	2710	4	5	2696	5
989	2724	5	7	2703	9
990	3050	10	6	31	3003
991	3059	11	7	6	3035
992	3058	3040	8	5	5
993	3054	1	8	0	3045
994	3066	9	7	3042	8
995	3074	3056	4	7	7
996	3053	3024	6	13	10
997	3091	8	3053	10	20
998	3075	7	18	3	3047
999	3051	12	3009	13	17
1000	3098	9	3070	10	9
1001	3085	3065	12	8	0
1002	3095	10	22	4	3059
1003	3111	7	3088	7	9
1004	3074	13	3041	8	12
1005	3116	9	11	11	3085
1006	3112	8	4	3093	7
1007	3113	3085	13	8	7
1008	3118	4	11	5	3098
1009	2919	2888	10	8	13
1010	2909	2877	6	15	11
1011	2867	2819	4	36	8
1012	2961	2	1	42	2916
1013	2851	6	7	2836	2
1014	2880	0	1	2879	0
1015	2903	2879	8	11	5
1016	2879	7	2855	10	7
1017	2917	2855	47	7	8
1018	2881	15	8	2849	9
1019	2877	7	11	6	2853
1020	2866	2826	10	15	15
1021	2881	20	2847	5	9
1022	2857	2819	7	21	10
1023	2842	15	13	2805	9
1024	2835	6	2803	11	15
1025	2796	14	2771	7	4
1026	2817	8	10	9	2790
1027	2806	2780	7	15	4
1028	2808	9	8	5	2786
1029	2804	2767	17	10	10
1030	2811	3	6	2778	24
1031	2794	5	12	24	2753
1032	2775	12	13	2735	15
1033	2793	4	2744	16	29
1034	2767	8	10	16	2733
1035	2755	5	11	2731	8
1036	2729	11	2709	5	4
1037	2677	4	2660	9	4
1038	2696	2628	14	20	34
1039	2667	46	9	2608	4
1040	774	700	15	52	7
1041	663	615	13	23	12
1042	707	671	14	11	11
1043	706	669	12	18	7
1044	736	662	15	40	19
1045	1623	26	3	1592	2
1046	1607	1571	31	3	2
1047	1608	11	1582	3	12
1048	1634	1607	3	19	5
1049	1630	6	16	1603	5
1050	1640	7	1619	0	14
1051	1677	0	1	50	1626
1052	1626	4	1	1621	0
1053	1626	1	0	1625	0
1054	1674	1656	5	4	9
1055	1667	6	1654	1	6
1056	1701	9	17	12	1663
1057	1699	6	4	1677	12
1058	1690	7	16	2	1665
1059	1679	6	1651	13	9
1060	1681	1665	8	5	3
1061	1678	1666	4	3	5
1062	1704	1	9	3	1691
1063	1724	36	2	1684	2
1064	1717	1681	34	0	2
1065	1690	5	1672	4	9
1066	1712	1699	3	4	6
1067	1711	6	5	3	1697
1068	1718	1701	7	6	4
1069	1743	27	1710	2	4
1070	1733	1695	9	26	3
1071	1707	6	2	1693	6
1072	1724	1707	6	6	5
1073	1719	1688	4	25	2
1074	1701	3	5	1689	4
1075	1733	7	8	4	1714
1076	1720	2	2	5	1711
1077	1755	1734	5	9	7
1078	1752	6	4	1734	8
1079	1756	6	4	8	1738
1080	1556	5	11	1526	14
1081	1619	9	10	1593	7
1082	1614	9	5	1593	7
1083	1635	49	16	1555	15
1084	2080	2067	7	3	3
1085	2095	2084	1	3	7
1086	2077	2043	12	13	9
1087	2276	11	9	7	2249
1088	2288	5	3	23	2257
1089	2288	7	4	2271	6
1090	2320	2300	7	8	5
1091	2313	2305	3	3	2
1092	2331	5	9	10	2307
1093	2400	0	1	47	2352
1094	2305	1	0	2303	1
1095	2327	1	3	2322	1
1096	2331	5	9	2311	6
1097	2542	8	2526	5	3
1098	2563	2477	39	9	38
1099	2560	2543	6	6	5
1100	2575	11	8	2549	7
1101	2585	8	17	6	2554
1102	2591	41	2540	6	4
1103	2567	2514	7	39	7
1104	2550	22	4	2515	9
1105	2574	2545	10	12	7
1106	2503	10	10	10	2473
1107	2466	13	20	11	2422
1108	2697	195	11	2	2489
1109	2680	2481	190	4	5
1110	2331	1	2317	3	10
1111	2590	10	2567	8	5
1112	2562	5	2548	6	3
1113	2853	2808	17	19	9
1114	2754	5	2	2742	5
1115	2739	5	10	2717	7
1116	2721	36	7	2660	18
1117	3017	2977	6	13	21
1118	3031	5	7	6	3013
1119	3008	25	8	10	2965
1120	3009	2985	11	8	5
1121	3013	2984	10	7	12
1122	2987	2918	10	46	13
1123	3336	12	8	3292	24
1124	3352	14	10	6	3322
1125	3342	3301	11	10	20
1126	3437	3352	15	67	3
1127	3387	16	10	3350	11
1128	3366	14	14	3326	12
1129	3462	7	3437	10	8
1130	3483	3457	9	13	4
1131	3466	3434	5	14	13
1132	3549	12	11	5	3521
1133	3537	12	9	8	3508
1134	3574	3534	11	18	11
1135	3560	10	1	6	3543
1136	3580	10	7	3547	16
1137	3635	12	29	18	3576
1138	3486	3446	7	9	24
1139	3485	3448	21	10	6
1140	3415	3368	16	20	11
1141	3876	7	3817	13	39
1142	3858	4	27	11	3816
1143	3812	19	3756	12	25
1144	3880	16	3817	11	36
1145	3937	7	7	12	3911
1146	3906	49	14	24	3819
1147	3982	3942	16	14	10
1148	3985	14	8	3956	7
1149	4032	3982	12	30	8
1150	4012	9	9	3985	9
1151	3973	10	15	3933	15
1152	4026	3985	15	11	15
1153	4152	4030	101	9	12
1154	4079	14	4040	14	11
1155	4050	30	3990	13	17
1156	4043	3996	21	13	13
1157	4046	4002	18	15	11
1158	3996	3921	9	53	13
1159	4587	8	25	4537	17
1160	4589	19	4539	18	13
1161	4638	4566	45	13	14
1162	4638	15	4564	19	40
1163	4604	13	18	9	4564
1164	4563	4506	19	21	17
1165	4614	4580	11	12	11
1166	4602	3	4575	10	14
1167	4652	4565	55	16	16
1168	4627	5	13	4602	7
1169	4611	4571	12	15	13
1170	4558	4500	14	27	17
1171	4624	8	14	4591	11
1172	4613	14	17	12	4570
1173	4544	4477	13	23	31
1174	4581	4541	15	11	14
1175	4603	4	14	11	4574
1176	4604	4551	25	6	22
1177	4573	14	4545	6	8
1178	4529	11	4493	12	13
1179	4587	4540	15	13	19
1180	4595	23	4512	16	44
1181	4564	8	19	10	4527
1182	4532	4481	16	22	13
1183	4563	4526	14	8	15
1184	4533	5	4500	14	14
1185	4588	4498	58	14	18
1186	4546	11	14	4505	16
1187	4500	4474	13	8	5
1188	4452	4398	11	24	19
1189	4491	8	12	4459	12
1190	4430	4404	8	11	7
1191	4375	4327	16	20	12
1192	4422	9	8	4392	13
1193	4381	8	4343	15	15
1194	4419	4334	39	16	30
1195	4410	51	15	4334	10
1196	4366	4300	12	47	7
1197	4346	25	11	4301	9
1198	4391	12	4323	7	49
1199	4331	14	15	13	4289
1200	4355	4297	19	24	15
1201	4359	15	11	4313	20
1202	4300	4261	13	15	11
1203	4248	4189	23	25	11
1204	4300	18	4242	8	32
1205	4263	10	13	20	4220
1206	4136	24	16	4086	10
1207	4171	6	3	4155	7
1208	4155	7	4116	22	10
1209	4167	4074	53	23	17
1210	4131	35	14	4079	3
1211	2529	2462	8	46	13
1212	2398	2344	20	22	12
1213	2489	2447	12	16	14
1214	2476	2424	25	15	12
1215	2774	3	2755	9	7
1216	2785	2740	28	11	6
1217	2765	8	6	2747	4
1218	2789	2741	6	32	10
1219	2781	21	4	2748	8
1220	2760	2723	5	24	8
1221	2742	19	10	2704	9
1222	2742	2714	7	10	11
1223	2708	4	11	4	2689
1224	2689	13	24	3	2649
1225	2726	12	2670	9	35
1226	2688	6	14	5	2663
1227	1899	1852	16	14	17
1228	1947	1919	9	13	6
1229	1944	1913	12	13	6
1230	1961	1906	5	39	11
1231	2503	14	6	2479	4
1232	2493	2475	3	8	7
1233	2463	2409	8	37	9
1234	2515	2	2506	4	3
1235	2490	11	2459	7	13
1236	2523	2489	5	18	11
1237	2520	12	8	2497	3
1238	2529	7	4	6	2512
1239	2529	2506	6	6	11
1240	2525	8	2509	3	5
1241	2522	2509	9	4	0
1242	2533	4	11	9	2509
1243	2517	7	6	2497	7
1244	2488	8	7	2468	5
1245	2525	2501	5	7	12
1246	2533	11	8	2503	11
1247	2514	6	7	14	2487
1248	2505	10	11	2470	14
1249	2503	10	6	5	2482
1250	2511	2496	8	4	3
1251	2464	1	10	0	2453
1252	2467	10	4	12	2441
1253	2489	2474	4	3	8
1254	2468	0	4	1	2463
1255	2491	25	2	2459	5
1256	2467	2442	16	5	4
1257	2242	10	2209	8	15
1258	2313	7	2298	4	4
1259	2311	8	2291	5	7
1260	2412	2348	27	17	20
1261	2399	21	5	6	2367
1262	1954	1	1941	6	6
1263	2420	1941	437	13	29
1264	2037	1989	24	11	13
1265	2025	2001	10	5	9
1266	2044	1992	13	33	6
1267	2558	24	4	2529	1
1268	2529	2490	26	4	9
1269	2474	13	2439	5	17
1270	2540	11	56	9	2464
1271	2546	5	9	9	2523
1272	2572	2514	10	11	37
1273	2568	2545	9	4	10
1274	2587	4	3	5	2575
1275	2574	2541	8	11	14
1276	2583	10	6	2559	8
1277	2558	10	2532	10	6
1278	2588	2526	35	15	12
1279	2577	8	5	2556	8
1280	2483	2458	6	15	4
1281	2436	2404	8	12	12
1282	2491	2467	6	10	8
1283	2649	6	7	7	2629
1284	2650	2611	14	7	18
1285	2672	24	2635	6	7
1286	2648	2605	8	25	10
1287	2630	17	3	2602	8
1288	2619	2593	9	9	8
1289	2614	2570	1	34	9
1290	2568	13	9	2543	3
1291	2594	18	2553	13	10
1292	2568	2536	13	15	4
1293	1955	23	14	1903	15
1294	2012	12	8	1978	14
1295	2005	5	9	1976	15
1296	1998	14	24	1940	20
1297	2070	10	2055	3	2
1298	2074	2053	5	10	6
1299	2053	2027	8	13	5
1300	2062	2	4	2052	4
1301	2049	3	25	2019	2
1302	2007	11	1985	5	6
1303	2038	2	2023	11	2
1304	2011	1999	2	6	4
1305	1987	1977	4	3	3
1306	2007	0	2	24	1981
1307	1936	9	6	1921	0
1308	1970	1	0	1969	0
1309	1976	1965	1	3	7
1310	1966	8	1943	10	5
1311	1983	1948	21	7	7
1312	1961	4	4	8	1945
1313	1957	1937	6	8	6
1314	1952	0	19	1	1932
1315	1928	6	1909	7	6
1316	1806	1786	10	3	7
1317	1783	1768	4	7	4
1318	1777	1767	5	1	4
1319	1616	5	8	2	1601
1320	1578	6	10	3	1559
1321	1605	6	8	3	1588
1322	1598	1587	6	5	0
1323	1588	0	19	0	1569
1324	1576	5	1561	6	4
1325	1553	1540	5	4	4
1326	1527	1513	1	10	3
1327	1540	16	3	1519	2
1328	1522	1500	4	12	6
1329	1514	6	2	1502	4
1330	1504	6	1491	2	5
1331	1484	7	1472	1	4
1332	1495	1473	4	4	14
1333	1324	5	2	0	1317
1334	1317	7	2	6	1302
1335	1269	1	5	4	1259
1336	461	451	6	2	2
1337	454	433	5	9	7
1338	420	394	5	16	5
1339	445	427	5	7	6
1340	454	439	3	9	3
1341	815	0	2	2	811
1342	825	4	809	2	10
1343	822	0	4	4	814
1344	812	5	1	802	4
1345	742	732	4	3	3
1346	739	729	5	4	1
1347	723	711	5	7	0
1348	747	734	5	1	7
1349	939	0	932	4	3
1350	950	929	12	3	6
1351	946	4	4	936	2
1352	936	0	3	932	1
1353	866	859	3	1	3
1354	895	873	5	7	10
1355	893	880	6	5	2
1356	899	883	8	5	3
1357	1224	0	2	2	1220
1358	1226	1219	4	2	1
1359	1224	0	3	0	1221
1360	1239	3	2	1232	2
1361	1236	3	1224	5	4
1362	1251	1220	17	8	6
1363	1250	1239	6	3	2
1364	1247	1	4	1241	1
1365	1264	1235	1	19	9
1366	1268	1258	4	2	4
1367	1258	6	4	4	1244
1368	1255	8	2	1241	4
1369	1258	1245	8	2	3
1370	1148	4	5	1137	2
1371	1195	13	5	1173	4
1372	1192	7	5	1172	8
1373	1191	8	0	1179	4
1374	1213	5	5	5	1198
1375	1212	5	12	1188	7
1376	1190	1	1178	8	3
1377	1196	5	1183	5	3
1378	1215	16	1191	3	5
1379	1204	1191	11	2	0
1380	1193	2	1180	3	8
1381	1203	1197	2	4	0
1382	1199	2	1192	2	3
1383	1210	4	10	3	1193
1384	1205	1196	2	2	5
1385	1197	1186	4	4	3
1386	1201	2	2	3	1194
1387	1203	5	9	1183	6
1388	1203	1197	3	2	1
1389	1198	4	3	1	1190
1390	1201	2	3	1193	3
1391	1194	1	3	3	1187
1392	986	964	2	7	13
1393	1019	1009	5	2	3
1394	1019	1011	1	3	4
1395	1014	1004	1	6	3
1396	1033	2	1028	1	2
1397	1028	1018	5	0	5
1398	1020	1007	2	8	3
1399	1018	6	7	1	1004
1400	1004	3	3	3	995
1401	992	980	4	6	2
1402	991	982	2	3	4
1403	979	1	975	1	2
1404	988	968	12	4	4
1405	980	8	7	962	3
1406	970	958	2	8	2
1407	941	2	1	936	2
1408	950	2	2	943	3
1409	933	1	929	3	0
1410	940	925	9	4	2
1411	936	2	1	927	6
1412	921	1	3	7	910
1413	916	5	9	900	2
1414	901	2	894	5	0
1415	155	144	8	2	1
1416	134	111	5	14	4
1417	145	126	8	4	7
1418	143	113	11	11	8
1419	151	130	3	11	7
1420	174	151	4	12	7
1421	925	4	3	0	918
1422	950	921	8	4	17
1423	976	947	25	2	2
1424	971	0	966	2	3
1425	965	9	947	3	6
1426	1000	991	4	3	2
1427	996	4	991	0	1
1428	1013	990	12	5	6
1429	1020	1	4	1011	4
1430	1016	1003	5	7	1
1431	1004	991	3	7	3
1432	1023	1013	5	3	2
1433	1081	3	3	1074	1
1434	1102	4	1080	10	8
1435	1098	1090	3	4	1
1436	1101	4	1	1	1095
1437	1113	1100	5	3	5
1438	1118	4	4	1106	4
1439	1118	3	0	2	1113
1440	1111	1095	2	7	7
1441	1129	1117	4	5	3
1442	1130	2	4	2	1122
1443	1144	1131	4	3	6
1444	1147	1	0	7	1139
1445	1066	0	1	1065	0
1446	1128	0	0	1127	1
1447	1133	4	4	1117	8
1448	1102	7	6	1081	8
1449	1402	1369	5	22	6
1450	1417	1409	4	2	2
1451	1417	1396	4	15	2
1452	1521	8	4	1504	5
1453	1524	1514	4	3	3
1454	1522	4	1505	7	6
1455	1538	10	19	6	1503
1456	1544	6	1529	2	7
1457	1541	2	1533	6	0
1458	1562	5	4	6	1547
1459	1566	1551	1	6	8
1460	1573	1559	6	4	4
1461	1566	1540	6	17	3
1462	1681	5	4	7	1665
1463	1693	8	11	4	1670
1464	1671	1	7	5	1658
1465	1827	1817	2	6	2
1466	1841	1831	4	1	5
1467	1831	1803	6	13	9
1468	1991	3	1965	5	18
1469	1984	4	3	18	1959
1470	1988	3	6	1971	8
1471	1944	3	1926	9	6
1472	1932	6	1918	6	2
1473	1911	34	1845	13	19
1474	2083	2055	8	7	13
1475	2089	17	3	5	2064
1476	2089	2050	25	5	9
1477	2095	10	2070	10	5
1478	1837	1812	9	12	4
1479	1791	1756	11	14	10
1480	1863	1843	5	8	7
1481	1870	1813	7	36	14
1482	2636	26	7	2593	10
1483	2659	7	7	2642	3
1484	2653	2637	3	6	7
1485	2618	2577	18	12	11
1486	2679	2644	14	8	13
1487	2968	5	2948	10	5
1488	3007	2925	27	14	41
1489	3030	0	0	43	2987
1490	2898	0	0	2898	0
1491	2966	0	0	2966	0
1492	2950	13	10	2915	12
1493	3278	3255	9	8	6
1494	3241	3194	22	17	8
1495	3318	3270	12	17	19
1496	3639	5	3609	15	10
1497	3681	3608	43	16	14
1498	3704	0	0	51	3653
1499	3619	10	5	3604	0
1500	3668	0	1	3667	0
1501	3764	1	1	29	3733
1502	3690	10	14	3665	1
1503	3739	1	2	3735	1
1504	3796	3771	11	8	6
1505	3772	10	3742	12	8
1506	3828	3752	45	11	20
1507	3832	41	10	3776	5
1508	3805	3745	9	41	10
1509	3782	19	9	3738	16
1510	3800	9	12	12	3767
1511	3809	3781	10	9	9
1512	3769	4	26	1	3738
1513	3850	1	0	69	3780
1514	3733	7	9	3716	1
1515	3763	0	0	3762	1
1516	3825	13	3790	16	6
1517	3826	3798	7	10	11
1518	3786	3750	11	14	11
1519	3849	9	30	3800	10
1520	3792	7	3757	14	14
1521	3811	21	3767	8	15
1522	3843	3809	21	9	4
1523	3767	9	3744	8	6
1524	3808	14	3751	30	13
1525	3849	0	2	62	3785
1526	3738	8	12	3718	0
1527	3754	1	1	3752	0
1528	3804	3766	16	10	12
1529	3801	10	8	6	3777
1530	3775	11	11	12	3741
1531	3791	12	3761	10	8
1532	3743	11	3723	3	6
1533	3776	24	12	13	3727
1534	3806	32	10	3754	10
1535	3762	3716	9	26	11
1536	3736	23	14	3689	10
1537	3777	0	0	40	3737
1538	3351	0	0	3351	0
1539	3422	0	0	3421	1
1540	3537	192	7	3330	8
1541	3512	3317	11	179	5
1542	3325	23	16	3279	7
1543	3200	6	10	7	3177
1544	3190	10	14	9	3157
1545	3139	8	12	14	3105
1546	3290	12	8	3266	4
1547	3238	5	6	4	3223
1548	3202	14	6	13	3169
1549	3201	3167	12	12	10
1550	3171	3143	11	9	8
1551	3196	3	11	7	3175
1552	3198	3162	18	6	12
1553	2165	9	2138	9	9
1554	2268	15	2189	23	41
1555	2265	7	2245	6	7
1556	2253	4	2238	4	7
1557	2904	13	15	10	2866
1558	2746	5	2724	10	7
1559	2726	7	2699	12	8
1560	2647	15	2584	15	33
1561	2925	12	48	5	2860
1562	2930	6	6	3	2915
1563	2965	2919	9	18	19
1564	2976	9	6	2947	14
1565	2964	6	9	22	2927
1566	2960	15	11	2913	21
1567	2830	2811	7	7	5
1568	2836	2817	7	9	3
1569	2790	2744	7	20	19
1570	3098	15	10	9	3064
1571	3086	15	3	5	3063
1572	3133	3091	16	16	10
1573	3167	1	0	50	3116
1574	3071	10	6	3055	0
1575	3092	1	2	3088	1
1576	3196	36	2	5	3153
1577	3173	3121	37	4	11
1578	3118	1	3103	0	14
1579	3200	43	3142	5	10
1580	3172	3112	8	44	8
1581	3151	25	4	3111	11
1582	3190	11	17	14	3148
1583	3140	5	7	9	3119
1584	3202	3171	5	14	12
1585	3229	46	8	3170	5
1586	3196	3142	9	40	5
1587	3184	20	9	3144	11
1588	3078	3038	18	13	9
1589	3075	3043	11	11	10
1590	3041	2964	19	45	13
1591	3198	16	11	3160	11
1592	3189	3158	12	8	11
1593	3160	3116	16	17	11
1594	3078	9	3055	7	7
1595	3074	6	3054	6	8
1596	3042	35	2976	14	17
1597	3209	3173	9	11	16
1598	3224	11	5	10	3198
1599	3226	3184	9	14	19
1600	3228	6	4	3209	9
1601	3226	7	13	5	3201
1602	3221	3186	6	9	20
1603	3205	8	10	3180	7
1604	3171	12	6	3146	7
1605	3220	3192	12	7	9
1606	3217	12	9	3188	8
1607	3203	10	3175	12	6
1608	3217	3151	33	23	10
1609	3202	11	11	3169	11
1610	2967	2940	6	13	8
1611	2909	2874	14	14	7
1612	3027	2915	92	9	11
1613	2940	7	2916	8	9
1614	2902	13	2867	7	15
1615	2962	8	10	8	2936
1616	2953	10	45	7	2891
1617	2928	5	2909	6	8
1618	2950	7	7	13	2923
1619	2935	2914	6	12	3
1620	2920	0	18	0	2902
1621	2920	8	7	2897	8
1622	2921	8	11	8	2894
1623	2909	2872	11	9	17
1624	2896	5	11	2873	7
1625	2886	2869	5	5	7
1626	2892	10	11	3	2868
1627	2127	6	12	2102	7
1628	2104	9	5	2080	10
1629	2038	18	24	1972	24
1630	2105	11	12	2067	15
1631	2461	6	2443	8	4
1632	2489	2434	34	6	15
1633	2477	15	5	2450	7
1634	2481	8	2460	8	5
1635	2501	18	18	12	2453
1636	2479	2462	7	5	5
1637	2470	2419	33	14	4
1638	2444	4	2423	9	8
1639	2498	2468	22	5	3
1640	2310	10	8	2287	5
1641	2330	10	7	2306	7
1642	2357	42	6	2305	4
1643	2336	2292	6	33	5
1644	2308	9	10	2279	10
1645	2330	2308	9	5	8
1646	2310	5	2290	7	8
1647	2342	11	24	4	2303
1648	2148	2128	10	3	7
1649	2140	2118	6	7	9
1650	2091	2071	7	10	3
1651	2125	4	14	2	2105
1652	2095	5	1	2	2087
1653	2109	2094	4	6	5
1654	2087	5	10	2070	2
1655	2057	1	1	2052	3
1656	1548	1513	15	9	11
1657	1592	1576	7	6	3
1658	1583	1556	7	11	9
1659	1580	1548	4	23	5
1660	1699	4	9	1679	7
1661	1689	4	1677	2	6
1662	1705	1677	11	9	8
1663	1685	7	6	1667	5
1664	1664	4	3	1651	6
1665	1673	1657	9	1	6
1666	1666	5	5	3	1653
1667	1659	1645	1	5	8
1668	1644	1	8	0	1635
1669	1653	10	3	1637	3
1670	1647	3	4	2	1638
1671	1633	14	8	7	1604
1672	1642	1632	3	2	5
1673	1627	5	1612	5	5
1674	1656	6	26	10	1614
1675	1622	1611	6	3	2
1676	1603	1583	9	7	4
1677	1622	5	11	2	1604
1678	1621	1607	5	4	5
1679	1612	6	6	1598	2
1680	1625	1612	2	10	1
1681	1597	7	3	1583	4
1682	1577	7	5	1559	6
1683	1556	1533	7	4	12
1684	1573	1556	8	4	5
1685	1563	3	2	1555	3
1686	1575	1551	4	16	4
1687	1559	10	1540	8	1
1688	698	658	25	7	8
1689	641	606	12	13	10
1690	682	656	9	9	8
1691	688	669	9	5	5
1692	745	661	7	66	11
1693	2154	6	12	2093	43
1694	2174	0	10	3	2161
1695	2159	12	9	29	2109
1696	2233	15	11	2187	20
1697	2227	6	20	4	2197
1698	2238	6	2215	6	11
1699	2284	2242	30	5	7
1700	2219	12	2196	5	6
1701	2235	10	2208	7	10
1702	2268	6	2240	6	16
1703	2542	8	5	2	2527
1704	2556	2523	13	12	8
1705	2584	2562	7	7	8
1706	2598	11	2578	6	3
1707	2642	17	34	14	2577
1708	2657	35	10	2607	5
1709	2639	2595	29	5	10
1710	2625	5	2597	9	14
1711	2652	2631	10	5	6
1712	2626	6	2609	4	7
1713	2678	2609	43	14	12
1714	2673	2650	7	8	8
1715	2624	3	2606	5	10
1716	2740	2599	117	14	10
1717	2695	2674	6	5	10
1718	2697	2671	13	1	12
1719	3043	7	16	7	3013
1720	3075	46	3014	10	5
1721	3061	3011	5	38	7
1722	3037	16	5	3012	4
1723	3091	3061	7	11	12
1724	3089	3028	3	52	6
1725	3085	13	11	3055	6
1726	3143	3116	10	13	4
1727	3140	8	3118	7	7
1728	3180	9	34	8	3129
1729	3200	39	9	3144	8
1730	3179	3121	13	37	8
1731	3168	20	7	3133	8
1732	3206	9	18	13	3166
1733	3194	8	9	7	3170
1734	3247	3202	12	17	16
1735	3254	8	3225	14	7
1736	3277	3247	12	13	5
1737	3257	3226	7	17	7
1738	3326	8	19	3289	10
1739	3298	10	3269	9	10
1740	3357	3281	50	13	13
1741	3363	3330	12	11	10
1742	3331	10	11	8	3302
1743	3307	24	19	10	3254
1744	3345	14	7	7	3317
1745	3647	3626	14	5	2
1746	3638	0	23	2	3613
1747	3671	13	3601	12	45
1748	3636	5	9	10	3612
1749	3667	3623	14	18	12
1750	3661	21	9	3619	12
1751	3600	4	3556	27	13
1752	3486	18	84	22	3362
1753	3485	4	21	11	3449
1754	3490	6	11	14	3459
1755	3830	17	13	3793	7
1756	3883	39	3821	11	12
1757	3853	3805	7	31	10
1758	3777	27	7	3732	11
1759	3836	10	8	3811	7
1760	3860	3839	10	2	9
1761	3828	7	18	11	3792
1762	3859	13	14	8	3824
1763	3586	9	3554	6	17
1764	3915	16	364	3519	16
1765	3711	13	11	3680	7
1766	3716	12	9	3683	12
1767	4103	4026	21	31	25
1768	4090	30	19	15	4026
1769	4044	13	17	16	3998
1770	4124	4077	11	20	16
1771	4143	15	15	4107	6
1772	4124	4079	12	23	10
1773	4088	4023	10	36	19
1774	4148	16	8	4111	13
1775	4150	7	7	18	4118
1776	3883	3821	16	18	28
1777	3976	3938	13	14	11
1778	3969	3925	23	11	10
1779	4399	4	4362	18	15
1780	4388	4352	13	9	14
1781	4408	17	8	7	4376
1782	4412	4362	21	11	18
1783	4414	11	13	4375	15
1784	4421	14	9	9	4389
1785	4372	4316	20	15	21
1786	4400	4361	13	12	14
1787	4405	9	4370	15	11
1788	4475	4381	54	21	19
1789	4470	46	9	4405	10
1790	4436	4360	47	17	12
1791	4411	14	4366	13	18
1792	4440	18	16	11	4395
1793	4405	14	4368	12	11
1794	4489	4393	58	17	21
1795	4462	7	4431	11	13
1796	4447	4413	9	14	11
1797	4419	4387	14	12	6
1798	4499	5	8	10	4476
1799	4491	4458	6	16	11
1800	4474	0	22	2	4450
1801	4501	15	18	4448	20
1802	4467	16	4428	10	13
1803	4523	4445	41	21	16
1804	4452	26	23	14	4389
1805	4418	12	11	15	4380
1806	4459	4404	15	23	17
1807	4437	17	10	4400	10
1808	4401	16	13	4365	7
1809	4385	4337	17	11	20
1810	4428	4397	6	10	15
1811	4456	8	15	20	4413
1812	4455	16	4397	18	24
1813	4475	4444	9	12	10
1814	4438	11	16	8	4403
1815	4389	20	15	15	4339
1816	4450	11	4410	13	16
1817	4407	4368	20	10	9
1818	4364	4329	7	19	9
1819	4404	13	18	4353	20
1820	4393	17	4355	11	10
1821	4412	4325	47	23	17
1822	4415	10	4380	12	13
1823	4347	4303	13	15	16
1824	4298	4248	14	26	10
1825	4291	19	4256	5	11
1826	4232	16	4194	15	7
1827	4247	4198	17	13	19
1828	4244	11	6	4217	10
1829	4211	4179	10	14	8
1830	4201	11	24	15	4151
1831	4165	6	4134	18	7
1832	3636	3600	16	6	14
1833	3561	3517	8	27	9
1834	3600	3569	10	11	10
1835	3548	12	9	3514	13
1836	3575	11	14	20	3530
1837	3551	12	12	3520	7
1838	3480	3456	9	9	6
1839	3431	3402	9	8	12
1840	3428	12	16	4	3396
1841	3374	10	3345	10	9
1842	3423	3352	46	16	9
1843	3393	25	13	3349	6
1844	3355	3315	6	25	9
1845	3324	19	9	3294	2
1846	3269	7	11	11	3240
1847	3224	11	11	13	3189
1848	3222	3192	10	13	7
1849	3223	14	4	3190	15
1850	3190	9	21	10	3150
1851	3162	14	3115	10	23
1852	3095	3066	7	9	13
1853	3054	3032	5	7	10
1854	3058	9	12	7	3030
1855	3035	7	3013	11	4
1856	2605	2582	12	3	8
1857	2554	2524	7	14	9
1858	2573	2541	10	8	14
1859	2560	1	1	10	2548
1860	2459	2427	11	3	18
1861	2473	2455	4	8	6
1862	2457	3	7	7	2440
1863	2445	2413	10	9	13
1864	2447	26	5	2407	9
1865	2423	2390	7	23	3
1866	2392	11	3	2370	8
1867	2408	14	2385	4	5
1868	2374	2346	5	16	7
1869	2345	11	3	2325	6
1870	2295	10	13	7	2265
1871	2257	3	2	6	2246
1872	2193	2168	7	8	10
1873	2178	2143	4	5	26
1874	2130	3	2	5	2120
1875	236	176	21	12	27
1876	167	147	9	4	7
1877	152	126	10	12	4
1878	150	112	8	17	13
1879	160	138	6	12	4
1880	169	135	3	30	1
1881	934	4	4	923	3
1882	970	5	1	963	1
1883	975	969	3	1	2
1884	936	923	4	3	6
1885	1002	991	2	3	6
1886	1009	975	7	18	9
1887	1693	15	4	1672	2
1888	1727	4	4	1706	13
1889	1762	2	6	3	1751
1890	1774	10	1748	5	11
1891	1783	6	3	3	1771
1892	1795	1780	2	7	6
1893	1799	1	20	0	1778
1894	1817	4	1782	3	28
1895	1809	8	8	12	1781
1896	1807	11	9	1780	7
1897	1851	2	5	1841	3
1898	1858	2	1843	7	6
1899	1894	1839	18	29	8
1900	1911	0	0	31	1880
1901	1877	0	0	1877	0
1902	1893	0	0	1892	1
1903	1891	11	9	1863	8
1904	2129	5	6	1	2117
1905	2150	2124	4	12	10
1906	2168	9	2151	2	6
1907	2151	6	2132	5	8
1908	2220	2198	4	9	9
1909	2228	3	9	2213	3
1910	2220	9	2200	9	2
1911	2252	2224	16	6	6
1912	2279	33	2241	4	1
1913	2272	2232	33	7	0
1914	2259	1	2239	5	14
1915	2299	2281	6	7	5
1916	2306	2283	5	10	8
1917	2280	2238	3	29	10
1918	2551	2	8	2534	7
1919	2527	9	10	2500	8
1920	2571	2546	8	4	13
1921	2607	2586	6	7	8
1922	2635	6	10	7	2612
1923	2621	18	13	7	2583
1924	2697	6	5	2678	8
1925	2673	4	12	2649	8
1926	2731	2712	7	1	11
1927	2750	6	4	2731	9
1928	2733	7	6	2708	12
1929	2718	2676	10	13	19
1930	2773	2743	7	12	11
1931	2767	2744	8	6	9
1932	2793	6	7	10	2770
1933	2796	8	7	2772	9
1934	2790	2766	10	6	8
1935	2757	2738	4	11	4
1936	2784	3	2775	3	3
1937	2760	2740	5	9	6
1938	2723	2700	6	10	7
1939	2734	7	5	2714	8
1940	2726	6	7	6	2707
1941	2721	2687	9	8	17
1942	2712	7	7	2692	6
1943	2693	2667	8	13	5
1944	2699	2	10	6	2681
1945	2515	2488	11	11	5
1946	2506	2477	10	13	6
1947	2469	2439	6	15	9
1948	2509	13	13	4	2479
1949	2485	8	9	13	2455
1950	2499	2473	8	7	11
1951	2495	10	4	2460	21
1952	2477	8	23	7	2439
1953	2456	10	2421	11	14
1954	2467	2444	8	9	6
1955	2440	5	9	2424	2
1956	2450	6	10	16	2418
1957	2431	3	10	2411	7
1958	2407	3	2398	1	5
1959	2436	6	22	13	2395
1960	2401	5	10	2376	10
1961	2378	6	5	2365	2
1962	2347	2319	10	4	14
1963	2360	2343	7	4	6
1964	2343	7	8	3	2325
1965	2335	6	2307	9	13
1966	2348	2306	27	10	5
1967	2271	6	9	2252	4
1968	2281	17	5	2257	2
1969	2057	2043	5	7	2
1970	2043	2020	7	12	4
1971	2004	1974	3	22	5
1972	2045	5	5	2027	8
1973	2029	7	5	5	2012
1974	2031	2007	9	8	7
1975	2037	6	2012	4	15
1976	1987	5	3	4	1975
1977	2011	1981	16	9	5
1978	689	4	7	1	677
1979	690	23	9	7	651
1980	606	7	13	14	572
1981	699	15	18	15	651
1982	708	13	2	3	690
1983	2159	2132	3	18	6
1984	2171	6	3	2160	2
1985	2187	2166	6	5	10
1986	2194	3	14	6	2171
1987	2208	6	4	2190	8
1988	2192	6	7	2169	10
1989	2238	2205	8	9	16
1990	2267	2251	2	4	10
1991	2299	4	6	3	2286
1992	2310	2288	8	6	8
1993	2312	3	3	2303	3
1994	2316	2311	1	2	2
1995	2326	3	11	9	2303
1996	2351	2324	9	8	10
1997	2350	2302	7	35	6
1998	2343	7	5	2324	7
1999	2391	3	8	2374	6
2000	2371	7	2346	10	8
2001	2416	18	2373	11	14
2002	2422	8	2402	5	7
2003	2607	2589	6	5	7
2004	2586	2559	8	14	5
2005	2633	4	10	2612	7
2006	2627	2616	1	6	4
2007	2635	4	8	7	2616
2008	2638	5	5	2623	5
2009	2649	2635	5	5	4
2010	2629	2604	4	13	8
2011	2674	4	2657	6	7
2012	2675	2659	6	10	0
2013	2697	5	13	11	2668
2014	2715	28	5	2677	5
2015	2701	2659	7	33	2
2016	2686	10	6	2662	8
2017	2679	2655	11	4	9
2018	2686	2661	7	6	12
2019	2656	2621	11	17	7
2020	2903	0	7	8	2888
2021	2905	2882	6	11	6
2022	2915	0	23	0	2892
2023	2940	34	2890	8	8
2024	2920	2866	41	13	0
2025	2900	9	2863	10	18
2026	2933	2914	3	8	8
2027	2920	3	7	2908	2
2028	2955	7	10	23	2915
2029	2960	2925	10	14	11
2030	2930	2902	10	7	11
2031	2942	8	12	6	2916
2032	3002	0	0	47	2955
2033	2883	6	4	2873	0
2034	2926	0	0	2925	1
2035	2970	2932	27	6	5
2036	2940	10	6	2921	3
2037	2967	2927	1	29	10
2038	2954	10	13	2924	7
2039	2915	7	2880	13	15
2040	2905	2833	50	10	12
2041	2920	2870	11	7	32
2042	2893	7	9	31	2846
2043	2828	14	15	2790	9
2044	2872	8	4	2849	11
2045	2850	5	2828	7	10
2046	2884	12	36	11	2825
2047	2864	2842	7	7	8
2048	2843	7	11	2817	8
2049	2871	10	18	23	2820
2050	2841	6	2	2826	7
2051	2824	2818	2	4	0
2052	1977	11	12	9	1945
2053	2039	12	9	13	2005
2054	2035	9	7	9	2010
2055	2025	2	14	10	1999
2056	2428	2416	8	2	2
2057	2417	2369	33	10	5
2058	2360	3	2343	11	3
2059	2404	4	2387	6	7
2060	2414	4	4	7	2399
2061	2415	12	12	2388	3
2062	2385	4	2369	6	6
2063	2353	6	2331	5	11
2064	2384	2362	1	12	9
2065	2370	4	2354	5	7
2066	2340	6	2323	6	5
2067	2374	16	2	12	2344
2068	2371	8	6	2347	10
2069	2372	5	5	6	2356
2070	2362	2312	7	28	15
2071	2364	10	5	2343	6
2072	2360	5	2	8	2345
2073	2356	2305	17	19	15
2074	2341	18	9	2306	8
2075	2258	2	2216	27	13
2076	1836	1725	95	7	9
2077	1818	1791	11	8	8
2078	1811	1780	9	13	9
2079	1838	1769	15	38	16
2080	2285	22	9	2251	3
2081	2217	2193	11	9	4
2082	2190	2152	10	15	13
2083	2226	2201	5	15	5
2084	2428	3	6	5	2414
2085	2428	2396	13	6	13
2086	2439	9	8	2414	8
2087	2430	5	6	5	2414
2088	2445	2410	14	7	14
2089	2436	5	17	2407	7
2090	2412	6	2390	7	9
2091	2431	10	2396	12	13
2092	2477	2429	8	33	7
2093	2470	8	35	2420	7
2094	2465	6	2434	9	16
2095	2441	4	1	8	2428
2096	2471	4	11	2446	10
2097	2486	6	12	14	2454
2098	2488	8	2	2468	10
2099	2492	2467	9	5	11
2100	2508	1	7	7	2493
2101	2415	2393	8	4	10
2102	2416	2391	4	8	13
2103	2374	2322	6	31	15
2104	2611	6	0	1	2604
2105	2623	10	8	2604	1
2106	2672	0	62	1	2609
2107	2679	85	2580	8	6
2108	2664	2559	11	81	13
2109	2593	21	12	2555	5
2110	2684	13	2630	12	29
2111	2649	0	18	8	2623
2112	2180	2133	11	15	21
2113	2250	2219	12	11	8
2114	2262	2238	5	11	8
2115	2296	2243	12	29	12
2116	3414	0	9	3401	4
2117	3419	13	12	3390	4
2118	3525	3473	15	9	28
2119	3533	11	9	3506	7
2120	3546	3526	9	10	1
2121	3525	3482	15	21	7
2122	3644	7	31	3598	8
2123	3634	9	3607	13	5
2124	3651	16	3599	21	15
2125	3767	3716	9	8	34
2126	3740	9	9	43	3679
2127	3730	8	10	3696	16
2128	3764	7	3740	11	6
2129	3757	3742	5	10	0
2130	3787	8	14	2	3763
2131	3776	10	5	3752	9
2132	3734	8	15	3698	13
2133	3822	3779	16	13	14
2134	3826	7	3800	11	8
2135	3834	3818	8	4	4
2136	3801	3767	9	17	8
2137	3873	9	10	3842	12
2138	3872	9	6	11	3846
2139	3879	3820	16	9	34
2140	3892	33	11	3840	8
2141	3855	3794	39	10	12
2142	3828	18	3748	7	55
2143	3813	11	0	2	3800
2144	3839	9	8	3811	11
2145	3866	7	16	18	3825
2146	3870	3841	8	8	13
2147	3853	9	12	3821	11
2148	3875	12	35	9	3819
2149	3857	5	3836	5	11
2150	3795	6	3765	17	7
2151	3863	3812	13	16	22
2152	3855	14	12	3818	11
2153	3811	5	6	3793	7
2154	3829	3789	7	15	18
2155	3862	3828	10	15	9
2156	3874	3	7	14	3850
2157	3870	3821	17	13	19
2158	3899	0	0	56	3843
2159	3759	12	9	3738	0
2160	3788	0	0	3788	0
2161	3840	14	3809	9	8
2162	3820	3798	7	8	7
2163	3789	3758	12	12	7
2164	3848	11	3790	7	40
2165	3808	10	8	12	3778
2166	3826	3779	16	16	15
2167	3815	14	8	3780	13
2168	3804	3777	11	12	4
2169	3732	6	12	9	3705
2170	3732	11	0	2	3719
2171	3734	8	15	3694	17
2172	3767	9	9	25	3724
2173	3744	3723	6	8	7
2174	3705	11	3677	10	7
2175	3743	3687	24	14	18
2176	3737	9	3712	9	7
2177	3708	3685	9	14	0
2178	3266	7	26	5	3228
2179	3307	14	14	10	3269
2180	3274	6	14	11	3243
2181	3466	3430	5	22	9
2182	3478	17	8	3445	8
2183	3449	3426	9	8	6
2184	3416	3355	11	44	6
2185	3415	0	2	3408	5
2186	3346	4	9	3328	5
2187	2411	2354	20	13	24
2188	2472	2430	16	13	13
2189	2478	2445	11	9	13
2190	2513	2424	16	59	14
2191	3606	6	7	3563	30
2192	3607	7	13	13	3574
2193	3568	27	14	22	3505
2194	3682	3632	10	10	30
2195	3670	9	22	12	3627
2196	3633	15	3582	16	20
2197	3693	16	3642	17	18
2198	3727	10	13	18	3686
2199	3694	14	23	3642	15
2200	3736	12	9	3698	17
2201	3786	8	9	10	3759
2202	3800	3752	15	10	23
2203	3788	14	13	3756	5
2204	3771	15	3724	22	10
2205	3807	3725	48	17	17
2206	3796	20	14	3750	12
2207	3796	16	7	15	3758
2208	3773	17	19	17	3720
2209	3818	7	3792	11	8
2210	3809	3788	9	12	0
2211	3824	10	17	6	3791
2212	3824	15	8	3796	5
2213	3831	10	8	14	3799
2214	3841	3786	17	20	18
2215	3854	14	24	3807	9
2216	3794	5	3760	17	12
2217	3811	17	3758	16	20
2218	3832	3804	9	10	9
2219	3802	3	11	3778	10
2220	3848	9	12	25	3802
2221	3824	12	12	3797	3
2222	3789	19	13	3749	8
2223	3847	3798	19	5	25
2224	3838	6	11	9	3812
2225	3848	3817	9	11	11
2226	3835	3	13	0	3819
2227	3846	3817	3	11	15
2228	3838	13	11	6	3808
2229	3834	3793	14	11	16
2230	3836	12	7	3810	7
2231	3812	3772	15	17	8
2232	3768	3734	3	21	10
2233	3800	17	10	3763	10
2234	3774	13	3744	7	10
2235	3798	3727	36	15	20
2236	3775	9	9	3748	9
2237	3744	3708	13	16	7
2238	3706	3656	16	24	10
2239	3706	15	14	3667	10
2240	3657	1	11	14	3631
2241	3628	25	17	14	3572
2242	3632	3611	8	7	6
2243	3559	11	12	11	3525
2244	3510	15	7	12	3476
2245	3454	9	3432	7	6
2246	3404	8	3380	12	4
2247	3425	3378	11	16	20
2248	3418	16	4	3384	14
2249	3385	11	3341	22	11
2250	3410	3339	46	15	10
2251	3390	20	10	3356	4
2252	2940	2907	7	24	2
2253	2876	2838	11	15	12
2254	2912	2883	7	12	10
2255	2902	8	2879	8	7
2256	2946	2875	49	13	9
2257	2557	5	7	2538	7
2258	2541	6	11	2518	6
2259	2500	17	24	2443	16
2260	2532	20	2498	6	8
2261	2511	2479	7	16	9
2262	2441	15	7	2407	12
2263	2452	7	4	2437	4
2264	2174	2161	8	0	5
2265	2142	2119	4	13	6
2266	2164	2150	3	4	7
2267	2123	4	2110	7	2
2268	2166	2102	43	10	11
2269	2124	7	10	2099	8
2270	2109	6	2091	7	5
2271	2107	2070	20	8	9
2272	2066	4	7	2	2053
2273	2060	2052	3	4	1
2274	1291	0	15	0	1276
2275	1300	7	6	5	1282
2276	1287	4	5	3	1275
2277	1283	10	51	4	1218
2278	1312	6	1276	4	26
2279	910	1	5	2	902
2280	890	13	6	10	861
2281	901	6	22	5	868
2282	867	3	5	6	853
2283	739	704	3	23	9
2284	749	739	4	5	1
2285	745	737	4	2	2
2286	748	740	2	3	3
2287	882	5	2	2	873
2288	882	0	2	1	879
2289	892	885	1	1	5
2290	883	3	3	874	3
2291	887	2	879	4	2
2292	891	873	12	4	2
2293	888	3	3	879	3
2294	878	0	1	877	0
2295	881	872	3	1	5
2296	888	881	2	1	4
2297	891	3	2	886	0
2298	897	884	3	9	1
2299	903	0	0	9	894
2300	872	2	1	869	0
2301	891	0	0	891	0
2302	898	2	892	2	2
2303	897	0	893	3	1
2304	908	893	7	4	4
2305	916	13	1	900	2
2306	911	1	4	9	897
2307	553	517	9	8	19
2308	589	575	6	1	7
2309	599	564	12	14	9
2310	638	580	23	25	10
2311	656	622	16	9	9
2312	2325	3	2306	6	10
2313	2371	2328	28	3	12
2314	2391	2377	4	2	8
2315	2456	4	9	6	2437
2316	2468	2433	5	14	16
2317	2482	5	2468	5	4
2318	2493	2480	6	7	0
2319	2509	12	9	7	2481
2320	2523	2512	5	4	2
2321	2525	10	2507	2	6
2322	2561	14	29	7	2511
2323	2574	36	5	2520	13
2324	2560	2511	32	8	9
2325	2543	7	2516	8	12
2326	2592	2569	9	6	8
2327	2560	2532	10	9	9
2328	2621	5	9	8	2599
2329	2647	11	5	2628	3
2330	2644	11	40	2590	3
2331	2645	5	2622	2	16
2332	2695	2669	4	14	8
2333	2677	12	21	2637	7
2334	2708	10	2672	16	10
2335	2722	2698	10	8	6
2336	2695	2677	7	8	3
2337	2671	7	22	12	2630
2338	2744	11	9	9	2715
2339	2740	10	21	5	2704
2340	2980	6	2944	11	19
2341	3015	2967	34	7	7
2342	2987	10	2963	8	6
2343	2994	8	2953	18	15
2344	3056	10	11	3032	3
2345	3040	8	5	3022	5
2346	3094	12	13	8	3061
2347	3099	6	13	3069	11
2348	3098	15	3072	2	9
2349	3131	17	27	11	3076
2350	3155	3096	37	5	17
2351	3105	7	3052	39	7
2352	3134	16	48	3053	17
2353	3161	4	15	3135	7
2354	3202	9	5	9	3179
2355	3184	11	17	9	3147
2356	3243	3203	14	20	6
2357	3133	8	11	3099	15
2358	3190	11	24	3146	9
2359	3200	19	17	3153	11
2360	3343	10	3312	14	7
2361	3376	12	3334	15	15
2362	3407	14	27	3359	7
2363	3347	9	3317	14	7
2364	3366	23	3308	9	26
2365	3360	10	0	20	3330
2366	3316	6	22	3285	3
2367	3426	1	106	1	3318
2368	3350	0	0	101	3249
2369	3344	9	10	3325	0
2370	3201	1	0	3199	1
2371	3279	0	0	15	3264
2372	2961	0	1	2960	0
2373	3032	0	1	3031	0
2374	3030	12	56	2947	15
2375	2948	9	2868	58	13
2376	2762	10	90	2652	10
2377	2879	13	5	2853	8
2378	2874	9	12	2848	5
2379	2985	2925	11	29	20
2380	2994	2973	7	3	11
2381	2999	8	9	10	2972
2382	2994	11	2961	6	16
2383	2992	2973	8	6	5
2384	2982	2913	7	55	7
2385	2933	7	5	2912	9
2386	2993	26	2947	10	10
2387	2965	2916	7	34	8
2388	2899	18	5	2869	7
2389	2937	7	8	2919	3
2390	2918	2902	7	6	3
2391	2882	2861	12	6	3
2392	2684	6	6	10	2662
2393	2676	9	12	6	2649
2394	2635	9	9	5	2612
2395	2786	7	7	2770	2
2396	2757	13	5	2734	5
2397	2744	2712	12	9	11
2398	2763	2732	10	13	8
2399	2746	12	4	6	2724
2400	2727	15	13	6	2693
2401	2567	6	2553	4	4
2402	2557	5	2538	6	8
2403	2528	25	2461	12	30
2404	2662	30	6	4	2622
2405	2639	2602	25	3	9
2406	2614	0	2597	2	15
2407	2628	2611	4	5	8
2408	2610	2586	8	11	5
2409	2611	5	5	10	2591
2410	2024	3	2004	6	11
2411	2008	8	1986	6	8
2412	1971	40	1899	15	17
2413	2011	23	1975	8	5
2414	2374	2355	3	9	7
2415	2369	2327	7	26	9
2416	2399	2351	7	15	26
2417	2578	20	19	2535	4
2418	2595	11	28	13	2543
2419	2565	11	2544	4	6
2420	2576	2558	2	10	6
2421	2559	2536	5	14	4
2422	2600	4	5	2587	4
2423	2573	3	6	2558	6
2424	2623	2598	9	8	8
2425	2617	7	7	2599	4
2426	2620	4	4	10	2602
2427	2625	2589	15	14	7
2428	2618	12	7	2592	7
2429	2615	11	6	15	2583
2430	2618	2576	7	17	18
2431	2628	9	10	2599	10
2432	2623	2598	8	12	5
2433	2601	2574	7	9	11
2434	2648	11	6	10	2621
2435	2617	11	2589	8	9
2436	2663	12	44	9	2598
2437	2672	2618	12	13	29
2438	2638	7	6	25	2600
2439	2632	13	8	2602	9
2440	2646	2631	4	7	4
2441	2630	2602	8	12	8
2442	2672	0	4	8	2660
2443	2530	2510	6	6	8
2444	2533	2511	6	9	7
2445	2503	2454	7	29	13
2446	2751	6	3	2736	6
2447	2737	2721	5	4	7
2448	2716	2679	5	19	13
2449	2760	17	12	13	2718
2450	2723	4	4	10	2705
2451	2646	2607	7	10	22
2452	2688	2668	7	10	3
2453	2681	2631	6	36	8
2454	2905	17	4	2874	10
2455	2533	2496	11	17	9
2456	2534	2502	10	14	8
2457	2463	2415	5	20	23
2458	2577	2512	13	23	29
2459	3768	2	11	11	3744
2460	3777	23	11	21	3722
2461	3870	3812	21	18	19
2462	3876	10	9	7	3850
2463	3881	3846	11	6	18
2464	3894	8	9	3870	7
2465	3858	5	19	3830	4
2466	3944	3909	13	7	15
2467	3981	41	3921	9	10
2468	3953	3886	7	46	14
2469	3888	20	9	3846	13
2470	3950	15	10	3915	10
2471	3985	8	15	7	3955
2472	3964	3905	13	24	22
2473	4005	3928	57	9	11
2474	4062	7	8	4036	11
2475	4099	4038	12	34	15
2476	4090	7	17	4055	11
2477	4095	4064	15	10	6
2478	4112	7	15	11	4079
2479	4140	48	4066	11	15
2480	4110	4042	10	48	10
2481	4033	28	8	3981	16
2482	4106	8	9	4078	11
2483	4088	14	4044	10	20
2484	4119	12	41	23	4043
2485	4093	16	4	4062	11
2486	4084	4053	12	7	12
2487	4039	3991	15	18	15
2488	4081	3	4060	9	9
2489	4063	4044	10	9	0
2490	4059	6	29	15	4009
2491	4074	11	4003	12	48
2492	4033	15	10	8	4000
2493	3967	26	22	21	3898
2494	3989	3960	11	12	6
2495	3982	3920	8	43	11
2496	3917	7	12	3881	17
2497	3936	3894	17	12	13
2498	3907	7	3878	11	11
2499	3949	3867	49	17	16
2500	3910	17	9	3876	8
2501	3894	10	3863	12	9
2502	3914	3842	42	16	14
2503	3886	12	13	3850	11
2504	3861	6	11	8	3836
2505	3846	3788	22	14	22
2506	3848	9	3816	12	11
2507	3587	3551	16	14	6
2508	3524	3470	17	24	13
2509	3554	3517	13	10	14
2510	3512	5	10	9	3488
2511	3414	11	6	3382	15
2512	3435	13	9	3404	9
2513	3385	5	3359	9	12
2514	3407	3349	29	12	17
2515	3365	17	7	3336	5
2516	3324	8	3	7	3306
2517	3320	3282	12	13	13
2518	3253	14	8	9	3222
2519	3236	6	47	10	3173
2520	3163	7	3133	6	17
2521	3198	3162	6	7	23
2522	3166	9	28	6	3123
2523	3054	17	3012	13	12
2524	3110	13	3078	10	9
2525	3055	3044	3	8	0
2526	3047	2	3016	5	24
2527	2973	2939	20	8	6
2528	2919	2905	8	6	0
2529	1686	23	7	7	1649
2530	1691	9	4	7	1671
2531	1677	9	4	9	1655
2532	1626	2	19	7	1598
2533	1030	1008	16	4	2
2534	1015	1002	4	8	1
2535	990	970	0	11	9
2536	975	957	9	6	3
2537	957	18	2	937	0
2538	611	578	1	28	4
2539	593	585	6	2	0
2540	576	565	2	7	2
2541	544	536	1	5	2
2542	58	1	0	56	1
2543	52	1	2	49	0
2544	47	4	4	33	6
2545	40	1	0	36	3
2546	38	1	3	34	0
2547	60	32	2	26	0
2548	93	60	1	0	32
2549	94	1	0	2	91
2550	88	4	0	19	65
2551	68	1	0	67	0
2552	68	2	7	57	2
2553	75	16	14	27	18
2554	93	1	1	91	0
2555	82	5	5	70	2
2556	131	11	8	73	39
2557	1360	45	4	0	1311
2558	1350	1312	33	2	3
2559	1350	12	1328	7	3
2560	1382	1368	3	6	5
2561	1384	6	5	1371	2
2562	1414	9	7	19	1379
2563	1412	5	4	1400	3
2564	1413	8	1397	5	3
2565	1438	1400	17	11	10
2566	1454	5	5	1441	3
2567	1455	8	9	1436	2
2568	1425	19	9	1383	14
2569	1477	12	8	1451	6
2570	1619	1607	2	6	4
2571	1602	1588	2	8	4
2572	1623	1605	9	5	4
2573	1653	2	2	1646	3
2574	1678	1643	7	20	8
2575	1682	1664	5	7	6
2576	1694	3	1	6	1684
2577	1691	1674	8	7	2
2578	1704	3	5	1694	2
2579	1697	7	5	4	1681
2580	1707	1689	9	5	4
2581	1720	8	5	1698	9
2582	1709	1693	9	6	1
2583	1707	3	1691	5	8
2584	1717	1707	4	2	4
2585	1714	2	1	10	1701
2586	1705	1686	7	2	10
2587	1722	1709	5	6	2
2588	1717	1	3	1	1712
2589	1713	1694	8	5	6
2590	1719	5	3	1709	2
2591	1708	5	1699	2	2
2592	1727	1694	18	7	8
2593	1727	1712	9	3	3
2594	1709	3	1698	7	1
2595	1729	1701	18	7	3
2596	1730	6	3	1717	4
2597	1724	1713	5	4	2
2598	1716	2	1699	3	12
2599	1726	1712	5	4	5
2600	1723	4	2	4	1713
2601	1724	1699	7	3	15
2602	1725	2	1711	9	3
2603	1721	1698	10	7	6
2604	1697	1677	3	9	8
2605	1722	1709	3	4	6
2606	1709	2	1697	5	5
2607	1726	7	20	7	1692
2608	1562	1543	7	6	6
2609	1550	1535	5	6	4
2610	1521	1499	7	9	6
2611	1532	4	4	1519	5
2612	1512	1502	3	4	3
2613	1496	1475	6	10	5
2614	1481	4	11	5	1461
2615	1471	3	4	2	1462
2616	1457	1440	2	5	10
2617	1445	8	1428	8	1
2618	548	526	13	6	3
2619	490	459	14	8	9
2620	512	506	2	3	1
2621	502	485	7	6	4
2622	500	486	6	7	1
2623	593	2	587	2	2
2624	554	551	2	0	1
2625	550	546	1	0	3
2626	552	543	1	1	7
2627	560	0	0	1	559
2628	556	14	3	1	538
2629	543	536	1	2	4
2630	267	5	258	2	2
2631	545	251	284	6	4
2632	281	274	2	2	3
2633	276	266	5	0	5
2634	278	255	3	18	2
2635	293	275	3	7	8
2636	641	0	1	0	640
2637	649	7	6	3	633
2638	662	3	654	4	1
2639	647	642	2	1	2
2640	631	620	8	2	1
2641	661	652	5	1	3
2642	665	653	5	5	2
2643	935	5	7	6	917
2644	968	1	4	6	957
2645	974	4	6	7	957
2646	1001	5	25	5	966
2647	1513	10	1475	28	0
2648	1483	0	3	1475	5
2649	1513	9	5	1487	12
2650	1534	6	7	1514	7
2651	1730	5	4	3	1718
2652	1722	12	9	8	1693
2653	1749	4	4	7	1734
2654	1965	1958	5	1	1
2655	1963	0	14	2	1947
2656	2042	67	3	5	1967
2657	2033	1959	62	4	8
2658	1977	1	1969	1	6
2659	2078	2040	20	10	8
2660	2038	11	6	2013	8
2661	2079	14	9	2050	6
2662	2308	223	12	2069	4
2663	2306	2073	224	3	6
2664	2097	7	2057	19	14
2665	2330	2299	8	20	3
2666	2317	6	20	2289	2
2667	2333	11	2289	19	14
2668	2345	2312	15	13	5
2669	2313	5	5	2295	8
2670	2354	2296	10	44	4
2671	2358	2343	7	3	5
2672	2366	2347	9	6	4
2673	2517	10	13	6	2488
2674	2530	6	2510	5	9
2675	2496	9	2472	10	5
2676	2543	2521	4	13	5
2677	2559	9	2502	7	41
2678	2546	11	6	7	2522
2679	2491	20	7	20	2444
2680	2702	0	0	163	2539
2681	2663	9	5	2649	0
2682	2557	0	0	2557	0
2683	2728	2699	9	11	9
2684	2734	2705	9	7	13
2685	2709	2667	15	18	9
2686	2921	3	6	2900	12
2687	2906	6	3	2893	4
2688	2954	2916	16	7	15
2689	2972	5	2957	7	3
2690	2948	9	2926	4	9
2691	3000	2963	8	19	10
2692	3007	17	9	2975	6
2693	2949	6	2914	22	7
2694	2944	2832	93	12	7
2695	2953	2919	12	13	9
2696	2951	2925	4	16	6
2697	3104	31	8	3061	4
2698	3118	15	3070	15	18
2699	3102	5	19	9	3069
2700	3041	9	3002	16	14
2701	3087	7	3065	9	6
2702	3083	6	9	5	3063
2703	3078	14	3039	10	15
2704	3087	0	0	37	3050
2705	2976	6	9	2961	0
2706	3018	0	0	3018	0
2707	2865	2838	11	11	5
2708	2864	2840	7	11	6
2709	2822	2779	5	26	12
2710	2943	6	12	2918	7
2711	2916	10	10	2883	13
2712	2954	18	11	7	2918
2713	2949	14	7	2916	12
2714	2923	2905	7	6	5
2715	2876	2851	8	8	9
2716	2284	7	9	2261	7
2717	2270	7	5	2246	12
2718	2214	29	24	2135	26
2719	2279	9	10	2250	10
2720	2565	8	2544	6	7
2721	2589	2534	26	10	19
2722	2577	6	3	2559	9
2723	2573	3	6	4	2560
2724	2569	2536	13	10	10
2725	2572	4	6	2557	5
2726	2568	3	11	11	2543
2727	2530	2498	13	12	7
2728	2556	2526	6	15	9
2729	2561	8	12	3	2538
2730	2556	2538	10	3	5
2731	2557	7	2538	8	4
2732	2542	2524	8	7	3
2733	2514	2496	6	7	5
2734	2533	3	3	2524	3
2735	2531	2515	6	5	5
2736	2533	4	14	6	2509
2737	2506	2483	6	12	5
2738	2482	2457	9	8	8
2739	2503	6	10	8	2479
2740	2501	2478	6	8	9
2741	2492	10	9	2467	6
2742	2509	6	10	16	2477
2743	2510	20	4	2477	9
2744	2487	2452	28	7	0
2745	2477	4	2451	6	16
2746	2460	2432	9	6	13
2747	2447	1	5	4	2437
2748	1708	1672	9	11	16
2749	1755	1725	9	8	13
2750	1750	1721	8	12	9
2751	1749	1709	6	25	9
2752	1918	5	9	1896	8
2753	1913	7	5	1	1900
2754	1921	1888	11	9	13
2755	1927	7	2	1910	8
2756	1920	7	12	12	1889
2757	1903	6	7	1879	11
2758	1898	4	1890	2	2
2759	1876	1	1870	3	2
2760	1864	1837	7	9	11
2761	1873	1842	20	4	7
2762	1863	14	2	1845	2
2763	1865	1820	1	36	8
2764	1854	1833	11	8	2
2765	1816	20	3	1791	2
2766	1469	1384	4	74	7
2767	1450	1428	11	5	6
2768	1447	1418	3	16	10
2769	1448	1403	6	31	8
2770	1714	8	16	1684	6
2771	1709	9	1670	25	5
2772	1632	1577	38	6	11
2773	1635	1622	3	4	6
2774	1628	1591	4	27	6
2775	1695	17	5	1668	5
2776	1714	1687	5	7	15
2777	1705	4	7	5	1689
2778	1700	4	1684	4	8
2779	1705	1683	4	7	11
2780	1705	2	4	6	1693
2781	1694	8	16	6	1664
2782	1728	1700	6	19	3
2783	1600	4	7	1586	3
2784	1612	7	5	1595	5
2785	1623	4	5	1613	1
2786	1707	1696	4	2	5
2787	1697	8	9	6	1674
2788	1717	5	4	5	1703
2789	1725	1714	2	4	5
2790	1717	1	3	1	1712
2791	1722	5	3	1707	7
2792	1706	3	1	1699	3
2793	1425	1396	4	14	11
2794	1464	1444	8	4	8
2795	1465	1443	4	7	11
2796	1474	1437	9	13	15
2797	1620	8	1605	5	2
2798	1613	1592	2	14	5
2799	1611	8	1	1598	4
2800	1620	1595	6	3	16
2801	1611	2	7	16	1586
2802	1582	12	3	1562	5
2803	1593	4	3	1580	6
2804	1588	2	1576	2	8
2805	1596	1570	14	7	5
2806	1576	2	3	1568	3
2807	1562	3	6	1549	4
2808	1567	8	5	6	1548
2809	1562	3	6	1550	3
2810	1559	1546	3	6	4
2811	1557	5	3	3	1546
2812	1558	4	5	1544	5
2813	1552	1534	5	9	4
2814	1527	9	5	4	1509
2815	1531	2	0	1	1528
2816	1537	3	4	1519	11
2817	1543	3	8	16	1516
2818	1541	5	3	1525	8
2819	1527	2	4	12	1509
2820	1496	1	3	1483	9
2821	1499	3	5	1488	3
2822	1484	3	1473	5	3
2823	1471	1427	17	21	6
2824	1462	1445	4	8	5
2825	1437	6	4	1423	4
2826	1448	5	9	17	1417
2827	1431	1420	5	5	1
2828	1412	1	1	1406	4
2829	1418	1384	6	23	5
2830	1409	13	1394	2	0
2831	1389	1374	4	9	2
2832	1344	9	2	1327	6
2833	1356	6	3	1346	1
2834	1333	1326	1	3	3
2835	1331	0	5	3	1323
2836	1319	13	1	1303	2
2837	1297	1281	6	8	2
2838	1245	3	1	1239	2
2839	1252	6	4	1237	5
2840	1235	1224	2	6	3
2841	1199	4	3	5	1187
2842	1177	14	5	3	1155
2843	1165	1143	1	13	8
